sprite1,0,0,800,10
sprite2,45,11,40,46
sprite3,130,11,41,46
sprite4,216,11,41,46
sprite5,303,11,40,46
sprite6,345,11,37,47
sprite7,384,11,37,48
sprite8,463,11,36,48
sprite9,542,11,36,48
sprite10,619,11,37,48
sprite11,688,11,28,46
sprite12,1,12,41,46
sprite13,88,12,41,45
sprite14,173,12,41,46
sprite15,260,12,41,45
sprite16,423,12,37,47
sprite17,501,12,38,48
sprite18,580,12,37,47
sprite19,658,12,28,46
sprite20,718,12,27,45
sprite21,746,12,27,45
sprite22,1,61,28,46
sprite23,88,61,28,46
sprite24,117,61,39,53
sprite25,159,61,40,53
sprite26,200,61,39,52
sprite27,240,61,39,52
sprite28,280,61,40,51
sprite29,322,61,39,52
sprite30,402,61,40,53
sprite31,444,61,41,47
sprite32,487,61,41,47
sprite33,572,61,41,47
sprite34,616,61,41,47
sprite35,658,61,41,47
sprite36,745,61,41,47
sprite37,30,62,27,45
sprite38,59,62,27,45
sprite39,362,62,39,52
sprite40,530,62,40,45
sprite41,702,62,40,45
sprite42,1,116,37,54
sprite43,40,116,37,55
sprite44,79,116,37,54
sprite45,119,116,36,56
sprite46,157,116,38,56
sprite47,198,116,36,56
sprite48,275,116,37,55
sprite49,344,116,28,50
sprite50,402,116,27,50
sprite51,460,116,27,50
sprite52,548,116,39,49
sprite53,589,116,40,49
sprite54,630,116,39,47
sprite55,670,116,39,48
sprite56,710,116,40,47
sprite57,752,116,39,48
sprite58,236,117,37,54
sprite59,314,117,28,49
sprite60,373,117,27,48
sprite61,431,117,28,50
sprite62,489,117,27,48
sprite63,518,117,28,49
sprite64,1,174,39,47
sprite65,41,174,40,49
sprite66,82,174,44,48
sprite67,128,174,42,46
sprite68,172,174,41,45
sprite69,259,174,45,48
sprite70,305,174,43,47
sprite71,392,174,42,46
sprite72,436,174,37,47
sprite73,475,174,37,48
sprite74,513,174,36,47
sprite75,551,174,37,48
sprite76,589,174,36,47
sprite77,627,174,37,47
sprite78,665,174,36,48
sprite79,703,174,37,48
sprite80,766,174,24,50
sprite81,215,175,43,46
sprite82,349,175,41,45
sprite83,741,175,24,50
sprite84,1,232,24,50
sprite85,26,232,24,50
sprite86,154,232,40,48
sprite87,196,232,41,48
sprite88,238,232,41,47
sprite89,280,232,42,47
sprite90,323,232,43,46
sprite91,367,232,42,47
sprite92,410,232,41,48
sprite93,452,232,41,48
sprite94,540,232,42,46
sprite95,585,232,41,45
sprite96,627,232,43,47
sprite97,671,232,45,48
sprite98,52,233,24,51
sprite99,78,233,24,50
sprite100,104,233,24,49
sprite101,129,233,24,50
sprite102,494,233,44,47
sprite103,717,233,43,47
sprite104,88,290,37,48
sprite105,127,290,37,48
sprite106,165,290,36,47
sprite107,203,290,37,48
sprite108,241,290,36,49
sprite109,317,290,36,48
sprite110,355,290,37,48
sprite111,393,290,24,49
sprite112,444,290,23,47
sprite113,468,290,24,48
sprite114,494,290,24,50
sprite115,520,290,24,48
sprite116,547,290,23,48
sprite117,571,290,24,49
sprite118,596,290,40,49
sprite119,638,290,41,49
sprite120,680,290,41,47
sprite121,722,290,42,48
sprite122,2,291,41,45
sprite123,44,291,42,46
sprite124,279,291,37,48
sprite125,418,291,24,48
sprite126,1,348,43,48
sprite127,88,348,41,48
sprite128,130,348,41,49
sprite129,196,348,25,47
sprite130,222,348,35,44
sprite131,260,348,51,35
sprite132,369,348,34,44
sprite133,404,348,33,51
sprite134,473,348,38,54
sprite135,513,348,41,42
sprite136,556,348,37,46
sprite137,594,348,37,41
sprite138,633,348,36,34
sprite139,671,348,38,27
sprite140,711,348,39,41
sprite141,45,349,42,48
sprite142,172,349,23,48
sprite143,312,349,54,23
sprite144,439,349,32,55
sprite145,752,349,35,44
sprite146,1,406,31,44
sprite147,34,406,30,42
sprite148,97,406,31,44
sprite149,163,406,30,42
sprite150,194,406,31,44
sprite151,253,406,23,45
sprite152,278,406,21,43
sprite153,301,406,24,44
sprite154,326,406,26,44
sprite155,354,406,24,44
sprite156,379,406,21,43
sprite157,402,406,23,45
sprite158,427,406,25,43
sprite159,454,406,24,42
sprite160,481,406,24,41
sprite161,507,406,24,42
sprite162,532,406,26,44
sprite163,560,406,24,42
sprite164,586,406,24,41
sprite165,611,406,24,42
sprite166,637,406,38,47
sprite167,677,406,36,47
sprite168,753,406,35,48
sprite169,65,407,31,42
sprite170,131,407,31,42
sprite171,227,407,25,45
sprite172,715,407,36,47
sprite173,1,464,37,49
sprite174,41,464,35,48
sprite175,114,464,36,47
sprite176,152,464,35,50
sprite177,188,464,31,49
sprite178,221,464,30,47
sprite179,252,464,31,48
sprite180,318,464,31,48
sprite181,350,464,30,47
sprite182,381,464,31,49
sprite183,414,464,25,51
sprite184,440,464,23,50
sprite185,465,464,21,49
sprite186,488,464,24,49
sprite187,513,464,26,48
sprite188,541,464,24,49
sprite189,566,464,21,49
sprite190,589,464,23,50
sprite191,614,464,25,47
sprite192,641,464,24,46
sprite193,693,464,24,45
sprite194,746,464,24,45
sprite195,77,465,36,47
sprite196,285,465,31,49
sprite197,667,465,24,44
sprite198,719,465,26,46
sprite199,772,465,24,44
sprite200,1,522,24,46
sprite201,28,522,38,47
sprite202,67,522,36,47
sprite203,105,522,36,46
sprite204,179,522,37,47
sprite205,255,522,36,46
sprite206,292,522,36,47
sprite207,330,522,23,50
sprite208,354,522,46,47
sprite209,401,522,33,49
sprite210,436,522,32,45
sprite211,470,522,42,40
sprite212,514,522,20,46
sprite213,536,522,15,46
sprite214,553,522,16,46
sprite215,589,522,18,48
sprite216,626,522,17,46
sprite217,644,522,15,46
sprite218,661,522,31,47
sprite219,693,522,27,47
sprite220,721,522,23,46
sprite221,746,522,23,47
sprite222,770,522,23,46
sprite223,142,523,35,46
sprite224,218,523,35,46
sprite225,571,523,16,46
sprite226,608,523,16,46
sprite227,1,580,23,47
sprite228,25,580,23,46
sprite229,50,580,27,47
sprite230,78,580,24,43
sprite231,104,580,24,43
sprite232,129,580,24,43
sprite233,237,580,24,43
sprite234,263,580,24,43
sprite235,312,580,22,47
sprite236,335,580,21,47
sprite237,357,580,24,47
sprite238,414,580,24,47
sprite239,462,580,22,47
sprite240,485,580,20,47
sprite241,525,580,16,46
sprite242,560,580,18,48
sprite243,632,580,31,49
sprite244,664,580,27,48
sprite245,692,580,23,48
sprite246,717,580,23,48
sprite247,741,580,23,48
sprite248,766,580,23,48
sprite249,155,581,26,43
sprite250,182,581,26,44
sprite251,210,581,26,43
sprite252,288,581,22,47
sprite253,383,581,30,47
sprite254,440,581,21,46
sprite255,508,581,15,46
sprite256,542,581,16,46
sprite257,579,581,16,46
sprite258,597,581,17,45
sprite259,616,581,15,46
sprite260,1,638,23,48
sprite261,26,638,27,48
sprite262,54,638,24,45
sprite263,80,638,24,45
sprite264,105,638,24,45
sprite265,158,638,26,46
sprite266,213,638,24,45
sprite267,239,638,24,45
sprite268,265,638,22,48
sprite269,288,638,22,48
sprite270,311,638,21,48
sprite271,333,638,24,48
sprite272,359,638,30,48
sprite273,390,638,24,48
sprite274,416,638,21,48
sprite275,438,638,22,48
sprite276,461,638,34,49
sprite277,496,638,33,47
sprite278,566,638,33,48
sprite279,636,638,33,48
sprite280,671,638,33,46
sprite281,706,638,33,47
sprite282,769,638,27,48
sprite283,131,639,26,45
sprite284,186,639,26,45
sprite285,531,639,33,46
sprite286,601,639,33,48
sprite287,741,639,27,47
sprite288,1,696,27,48
sprite289,31,696,27,49
sprite290,59,696,28,49
sprite291,90,696,27,49
sprite292,147,696,27,48
sprite293,176,696,23,46
sprite294,224,696,23,43
sprite295,250,696,23,44
sprite296,274,696,24,45
sprite297,301,696,23,44
sprite298,325,696,23,43
sprite299,374,696,30,50
sprite300,407,696,31,49
sprite301,473,696,33,48
sprite302,544,696,33,48
sprite303,579,696,31,48
sprite304,612,696,31,49
sprite305,715,696,33,46
sprite306,750,696,33,48
sprite307,118,697,27,48
sprite308,200,697,23,44
sprite309,350,697,23,44
sprite310,440,697,31,47
sprite311,508,697,34,47
sprite312,645,697,34,48
sprite313,680,697,33,47
sprite314,36,754,33,48
sprite315,71,754,33,47
sprite316,106,754,33,48
sprite317,141,754,27,49
sprite318,198,754,27,49
sprite319,227,754,27,50
sprite320,256,754,28,50
sprite321,286,754,27,50
sprite322,315,754,27,49
sprite323,344,754,27,49
sprite324,373,754,23,47
sprite325,421,754,23,45
sprite326,471,754,24,47
sprite327,522,754,23,45
sprite328,572,754,30,50
sprite329,604,754,31,49
sprite330,637,754,31,49
sprite331,670,754,33,49
sprite332,705,754,34,49
sprite333,1,755,33,48
sprite334,169,755,27,48
sprite335,397,755,23,46
sprite336,446,755,23,46
sprite337,497,755,23,46
sprite338,547,755,23,46
sprite339,741,755,33,49
sprite340,1,812,31,49
sprite341,67,812,31,48
sprite342,100,812,30,46
sprite343,132,812,30,46
sprite344,195,812,32,48
sprite345,259,812,30,46
sprite346,291,812,30,46
sprite347,323,812,28,46
sprite348,354,812,25,47
sprite349,405,812,22,47
sprite350,429,812,23,48
sprite351,454,812,22,47
sprite352,478,812,23,46
sprite353,504,812,25,47
sprite354,530,812,26,43
sprite355,638,812,26,44
sprite356,718,812,25,42
sprite357,745,812,34,47
sprite358,34,813,31,49
sprite359,164,813,29,46
sprite360,228,813,29,46
sprite361,380,813,24,46
sprite362,558,813,25,42
sprite363,585,813,25,41
sprite364,611,813,25,42
sprite365,665,813,25,42
sprite366,692,813,24,41
sprite367,1,870,34,47
sprite368,75,870,36,47
sprite369,112,870,38,47
sprite370,152,870,36,47
sprite371,190,870,35,46
sprite372,227,870,34,47
sprite373,263,870,31,48
sprite374,328,870,30,46
sprite375,360,870,29,46
sprite376,391,870,32,47
sprite377,424,870,29,46
sprite378,455,870,30,46
sprite379,549,870,25,48
sprite380,576,870,24,48
sprite381,601,870,22,48
sprite382,625,870,23,48
sprite383,650,870,22,48
sprite384,674,870,23,48
sprite385,699,870,25,48
sprite386,726,870,26,45
sprite387,38,871,35,46
sprite388,296,871,30,46
sprite389,487,871,30,46
sprite390,519,871,28,47
sprite391,754,871,25,44
sprite392,27,928,25,44
sprite393,54,928,26,45
sprite394,81,928,25,44
sprite395,198,928,34,48
sprite396,233,928,35,48
sprite397,270,928,36,48
sprite398,308,928,38,48
sprite399,348,928,36,48
sprite400,386,928,35,48
sprite401,424,928,34,48
sprite402,1,929,25,43
sprite403,109,929,24,43
sprite404,134,929,25,44
sprite405,161,929,34,47
