sprite1,0,0,800,2
sprite2,1,3,22,49
sprite3,25,3,24,43
sprite4,51,3,24,39
sprite5,76,3,23,39
sprite6,100,3,27,37
sprite7,128,3,35,42
sprite8,164,3,36,40
sprite9,201,3,32,38
sprite10,235,3,28,33
sprite11,265,3,28,30
sprite12,294,3,37,45
sprite13,332,3,38,39
sprite14,372,3,37,40
sprite15,410,3,32,40
sprite16,444,3,27,41
sprite17,472,3,23,50
sprite18,496,3,46,45
sprite19,543,3,33,46
sprite20,578,3,32,45
sprite21,612,3,42,39
sprite22,656,3,22,49
sprite23,680,3,25,46
sprite24,706,3,34,41
sprite25,742,4,48,32
sprite26,53,54,35,42
sprite27,89,54,33,49
sprite28,124,54,32,52
sprite29,158,54,36,51
sprite30,196,54,39,39
sprite31,237,54,37,45
sprite32,275,54,37,41
sprite33,314,54,36,35
sprite34,352,54,37,27
sprite35,391,54,36,39
sprite36,429,54,33,44
sprite37,464,54,18,52
sprite38,483,54,25,43
sprite39,511,54,27,42
sprite40,540,54,30,39
sprite41,571,54,39,54
sprite42,611,54,30,49
sprite43,643,54,34,41
sprite44,714,54,31,33
sprite45,747,54,28,51
sprite46,2,55,50,23
sprite47,680,55,33,35
sprite48,1,110,37,42
sprite49,40,110,32,36
sprite50,128,110,37,55
sprite51,167,110,27,52
sprite52,196,110,36,41
sprite53,234,110,34,35
sprite54,270,110,30,33
sprite55,302,110,33,46
sprite56,337,110,18,53
sprite57,356,110,25,44
sprite58,383,110,27,42
sprite59,444,110,39,41
sprite60,484,110,30,48
sprite61,587,110,31,47
sprite62,649,110,37,40
sprite63,688,110,32,43
sprite64,751,110,24,46
sprite65,74,111,27,28
sprite66,103,111,24,25
sprite67,413,111,30,38
sprite68,516,111,34,47
sprite69,552,111,33,47
sprite70,619,111,28,36
sprite71,722,111,27,44
sprite72,1,167,37,41
sprite73,69,167,36,46
sprite74,107,167,34,47
sprite75,144,167,30,48
sprite76,175,167,29,45
sprite77,206,167,26,44
sprite78,234,167,26,44
sprite79,262,167,28,44
sprite80,292,167,30,45
sprite81,324,167,28,44
sprite82,354,167,26,43
sprite83,382,167,26,44
sprite84,410,167,34,44
sprite85,445,167,33,43
sprite86,480,167,33,42
sprite87,515,167,34,42
sprite88,587,167,34,42
sprite89,657,167,33,43
sprite90,692,167,29,40
sprite91,722,167,29,39
sprite92,752,167,29,37
sprite93,41,168,27,48
sprite94,550,168,35,41
sprite95,622,168,33,42
sprite96,1,224,30,38
sprite97,94,224,29,37
sprite98,125,224,29,39
sprite99,155,224,35,43
sprite100,192,224,34,43
sprite101,228,224,34,43
sprite102,264,224,34,43
sprite103,300,224,34,44
sprite104,336,224,34,43
sprite105,408,224,34,43
sprite106,444,224,29,46
sprite107,531,224,28,44
sprite108,561,224,30,45
sprite109,593,224,28,44
sprite110,623,224,26,44
sprite111,652,224,26,45
sprite112,679,224,34,47
sprite113,714,224,33,46
sprite114,749,224,33,45
sprite115,32,225,29,38
sprite116,63,225,30,37
sprite117,372,225,34,42
sprite118,476,225,26,44
sprite119,503,225,26,43
sprite120,1,281,34,46
sprite121,36,281,35,46
sprite122,73,281,34,46
sprite123,108,281,33,45
sprite124,143,281,33,46
sprite125,178,281,29,44
sprite126,238,281,29,42
sprite127,301,281,29,44
sprite128,362,281,29,42
sprite129,393,281,29,43
sprite130,423,281,35,46
sprite131,460,281,34,46
sprite132,496,281,34,45
sprite133,532,281,34,46
sprite134,604,281,34,46
sprite135,640,281,34,45
sprite136,676,281,34,46
sprite137,712,281,27,44
sprite138,741,281,31,43
sprite139,208,282,29,42
sprite140,269,282,30,43
sprite141,331,282,30,43
sprite142,568,282,34,46
sprite143,1,338,33,42
sprite144,36,338,30,40
sprite145,68,338,29,38
sprite146,100,338,32,41
sprite147,133,338,34,43
sprite148,169,338,30,43
sprite149,231,338,31,44
sprite150,298,338,30,45
sprite151,331,338,29,43
sprite152,361,338,32,45
sprite153,395,338,34,45
sprite154,431,338,30,44
sprite155,463,338,22,49
sprite156,487,338,31,46
sprite157,519,338,39,43
sprite158,559,338,47,41
sprite159,608,338,51,35
sprite160,660,338,35,42
sprite161,696,338,35,40
sprite162,733,338,39,35
sprite163,201,339,27,43
sprite164,263,339,33,45
sprite165,1,395,43,33
sprite166,46,395,42,45
sprite167,89,395,37,45
sprite168,127,395,37,48
sprite169,167,395,41,48
sprite170,210,395,44,48
sprite171,255,395,49,40